UID,LENGTH,NAME,RESULT,SPEED,R_SPEED,ACCEL,R_ACCEL,STAMINA,R_STAMINA,ENERGY
2019773222724077755,403,Lambhill,5,64.9878712873385,6.44619021712607,57.5639128685049,1.71877457562413,91.1806168990982,13.2944732546873,58.9089524932606
2019773222724077755,403,Mactaggert's Gold,1,81.0024590206231,9.89842461388158,86.7990406022301,3.09939791231178,58.248115262846,10.9926058841272,67.0061111548623
2019773222724077755,403,Following Evidence,2,40.3436757569604,5.38118449223317,81.4832725307643,3.06093121915355,60.5463376584019,7.86033324839177,54.8981178266858
2019773222724077755,403,Isle of Purbeck,4,43.7443099740152,7.70574325223548,56.2662687142067,2.37335389706942,43.1617203607856,5.46992122802902,58.0224949600539
2019773222724077755,403,Little Rye,3,87.5565780030809,9.44921708682704,62.0164761178635,1.86449974999966,90.2634338437121,7.86151389419739,52.878109851558
2031358133699618037,819,Bond Inspiration,5,78.1677106415566,7.39990412125226,46.2942310748375,1.84712867275972,51.7411577011063,8.35078241708752,55.8885344824887
2031358133699618037,819,It's a Kicker,4,62.5163259963918,9.10754575898497,50.0796482894098,1.46944940419549,71.4534975871801,12.7446592677575,89.8946254650843
2031358133699618037,819,Famous Land,1,85.0043391343311,7.27759567710623,80.8858321194724,3.10755147965632,97.8473417651627,12.4853385593773,58.6496920635016
2031358133699618037,819,Lady Four-Hundred,2,94.6582085296279,10.8982027102513,55.7721897149794,2.44643891781094,95.3802802342344,12.8681114379211,83.7001109554784
2031358133699618037,819,Lady of Kendal,3,93.440424954227,8.86492194591218,79.8780497048919,2.80004594813764,59.0584111012605,8.17266787102676,75.2330405583484
8527827710228437454,916,Shellac,3,95.6734898594998,11.0606212492635,45.9694082835433,1.84194618094014,47.6343338750687,8.96234719669909,86.2062525699797
8527827710228437454,916,February Mist,5,76.0740894969558,8.33327898186581,48.121511819848,1.30887130981298,43.1363626524281,9.03576863695956,85.0934713818738
8527827710228437454,916,Pith and Marrow,4,70.0969585803435,7.46937276820868,57.2510338735133,1.354192238649,71.4436998941847,8.56113493970123,65.4307158579865
8527827710228437454,916,Political Privacy,2,73.1361762916819,8.97124736671965,98.3113199940247,4.95533192283003,76.4096276855154,11.0909052453232,88.7797221095621
8527827710228437454,916,Full Gathering,1,66.2739256675381,8.20102619215731,99.9622928375533,5.21635934040044,78.0203202345177,13.3944670411819,78.1013999875196
1419342443725043706,674,Old Brigade,2,62.9189345946222,6.57165688152723,71.37871533707,2.03340442728387,66.2210876817455,9.94895881544561,64.9603851809588
1419342443725043706,674,Naze,1,91.5802736973997,11.5275642842931,84.2316846367815,3.54624619877263,53.0000060989075,10.3553748565564,99.3178165639953
1419342443725043706,674,Surtees,5,54.5005605930777,8.70340748297087,61.3333413615267,1.72229778424553,47.4453599879244,8.99686369914216,89.1277904471747
1419342443725043706,674,Marked Card,3,59.0280438109784,5.5833986619566,85.7051362826632,1.98459225129381,81.1476693484015,12.6101334539507,53.3407106542614
1419342443725043706,674,Northern Lights,4,93.5896733316297,11.254999198209,46.5861551666638,1.75973347536792,43.4053794590984,8.67291023944919,94.8123872269604
7481225193701583595,694,Schwa,2,59.9402236499487,9.109767954698,70.5681973068271,3.14237978923261,44.2099480056542,9.12453596588633,69.8394542842043
7481225193701583595,694,Buchan,4,91.648981948165,5.33668604474939,76.136274418843,2.01622354271803,79.7851769527477,9.84335875016918,51.1174265022128
7481225193701583595,694,Sessions,5,74.5219200471652,6.61657993007488,52.519965312845,1.55347652179205,88.8934184353791,8.69657205179733,61.6907394790309
7481225193701583595,694,Jersey Girl,3,67.7291812866578,8.03607409966957,70.6427388492644,2.1127580481489,97.503850616963,13.2485958924532,82.7596316650774
7481225193701583595,694,Unmissable,1,51.0974154505712,7.10969678101451,94.9407312874414,3.05189845176312,78.3893893592641,12.5455162843692,91.0650227945794
6767869364302015886,490,Relative Clause,3,74.8763949487738,10.1875866675465,52.8976961127593,2.49511704784838,84.8834427499827,8.54665452656726,68.2174417795516
6767869364302015886,490,Floriana,4,59.6038937124595,6.81431281173451,77.6340649237679,2.01647927374363,70.031414485567,11.0529363481473,65.1581676790295
6767869364302015886,490,I Still Have Faith,1,59.9969554895381,9.21874942529227,87.6049663177655,3.55778209611616,72.406400105488,12.7086370007047,88.2964912247878
6767869364302015886,490,Multiflorous,5,52.7308737556912,7.52981625972047,64.4269047661301,1.63770327220065,60.3941231316327,9.9219678106622,88.8798732102759
6767869364302015886,490,Shifting Gears,2,84.8061788631558,10.1304416865459,81.3592763215622,3.22029048638076,94.0118350012647,13.0887793831004,92.7566283029723
8544606052594580807,859,Persian Zephyr,2,64.2032707829958,8.23522297948075,88.5368628642672,3.06650503897708,63.4538929606557,10.1543264987237,92.8233058967063
8544606052594580807,859,Midsummer Moon,5,63.2721792725929,6.44308485196176,58.6578117607872,1.422252901341,64.1521621255438,11.92920703158,73.3465021280225
8544606052594580807,859,Red Ruth,1,93.5684697670111,10.9460580258858,99.5160623058914,6.99918363197243,69.0162952906252,9.62558559500075,79.6988319224642
8544606052594580807,859,Scout Leader,4,62.2588154875129,8.01253817127102,58.9258781196505,1.50171885762922,61.3781484001992,10.7128574398037,79.4915776501219
8544606052594580807,859,Mystic Reality,3,77.6451956211221,9.74246844912513,66.1784670872757,2.01444554372589,60.7595232591722,9.80786110458786,62.8777551979864
556282995033281699,770,Carouse,2,66.743174255973,7.73085881859047,98.935107321157,3.5662888498962,94.5557510164901,14.374238306763,80.8594420568512
556282995033281699,770,Peace Work,3,88.9408592915279,11.3456068537901,80.5081776891647,3.2102586212785,71.942242167589,9.90496924802438,84.5223184866838
556282995033281699,770,Western Sideshow,5,91.8250476208912,11.5573039736281,56.802653502611,2.02287401592336,84.3135536536338,13.5273771633683,93.5768046946976
556282995033281699,770,Arctic Warrior,4,74.1776833371036,9.6766375729363,72.7139977568195,3.14398828268321,91.9175338193493,9.80463734762314,73.1357945483632
556282995033281699,770,Great Circle,1,92.1101723269108,9.65655918129471,89.1972949076473,4.0137256731445,72.0529048503301,11.6935462556291,81.4587195059971
7056900874408973024,785,Kriti,4,79.3284249190124,6.92014036689724,56.8060574623307,2.07550035777757,96.1264715374848,8.94222331465189,61.2759183115705
7056900874408973024,785,Red Blueprint,2,42.0839680011887,7.30974471391128,54.2815596445652,2.17344542895007,73.3873021670079,10.2472484812339,55.4813916755083
7056900874408973024,785,Drinking Song,1,76.9679921663213,9.70771982698083,92.9573843651994,4.33069985469184,55.3374416757874,11.0288474800721,92.4206535434381
7056900874408973024,785,Original Gambler,5,65.1033352974833,7.08964647115672,43.7519344536779,1.14107959277982,67.4048789592455,11.0280315312295,79.3884236600931
7056900874408973024,785,Hot Day,3,60.5198711684894,7.35621070077771,66.9366158438273,2.18097423834328,75.581769395912,8.55116366900128,72.7717974652389
4975575767659151634,888,Snowland Sprite,1,55.7268372333368,5.73547747339164,92.4152060738872,3.03786565420108,89.9316381025446,11.0143400970114,66.3456883005308
4975575767659151634,888,Spice Island,2,73.5779129591651,7.71594219493639,48.9211346436859,2.05921447892927,67.4449826391511,11.424065131472,64.1013193961883
4975575767659151634,888,Bubbler,3,56.4432403656556,8.64942724213781,63.3117386519515,1.84643731121171,76.1605414886021,9.58908490532498,77.2942964648737
4975575767659151634,888,Before The Conquest,5,46.7228836330447,6.82597756831807,46.7851885507085,1.10774373312327,43.063918137449,9.32000921982597,86.1986550532748
4975575767659151634,888,Zezu,4,62.6906432291143,6.28877077531659,73.3645215776863,2.00249409588454,43.0188759777629,5.92606156439153,65.5486492196032
1067543192141058526,932,Lonely Horseman,4,47.824220917565,8.06926446258498,68.152642123036,1.77858380678041,83.9540225793918,12.1546654956998,90.9909717065949
1067543192141058526,932,Tammany Hall,5,41.6595725732741,5.12408201448955,75.794824802277,1.39442002789483,99.770356509536,13.9229856033072,70.2001217793311
1067543192141058526,932,Windswept Cottage,2,87.1156574037336,9.64795241832986,66.6679370551803,2.33730059794744,79.4071541942445,12.2092320734891,83.240618392881
1067543192141058526,932,Bright Prince,3,57.5471146548224,7.06502488421097,88.8767701721127,2.64005929089465,55.8319141484777,9.11456217423463,85.288758743647
1067543192141058526,932,Banquetting Hall,1,84.4098328618749,10.1826128505034,78.8032890822209,2.65406804571934,79.8856618927093,12.2433575284213,91.5080078239739
1891955746494005739,709,Dustify,1,84.8924606253553,10.1435206122631,67.3002003454118,2.20009442174728,87.4428066129898,10.2841428633689,79.1188441147597
1891955746494005739,709,Life Boy,4,40.9574441525903,6.84967752211316,73.1659886101327,1.61944173869078,62.3580486682987,11.4486100127203,83.1948838692151
1891955746494005739,709,April Aileen,3,49.4104435437884,8.26230304973662,63.7512338891472,2.23969332421194,67.8785638889796,10.17694648375,53.5927368427301
1891955746494005739,709,Goodship,5,52.0369802479085,7.4131326265525,46.7232372580128,1.40633069705412,75.2415197205233,10.7141978714916,69.2103392784723
1891955746494005739,709,Cross the Atlantic,2,89.1934976146383,10.7122520794317,55.4314052909911,2.33707908431012,48.0370489813075,10.0310049046357,76.1372811015744
7280528967084584078,889,Snarl-Up,3,73.9465609383654,8.9925604425641,57.334663061848,1.73734210529855,96.5240388835559,13.1325302341446,86.7852634691114
7280528967084584078,889,Creditworthy,5,61.9030669046345,5.26173105975139,43.0104673452824,1.39103935368791,49.9788580128185,8.35965039811812,55.1757810531434
7280528967084584078,889,Haughty,4,55.6362020961105,6.2443618501034,68.7005492879626,1.33105070511595,90.2169565137026,10.3965616553955,51.8039790580939
7280528967084584078,889,Sunset Sky,2,91.1371629445605,8.99579845076994,49.1585137253805,2.11348423249201,72.00086125661,11.9528181653499,59.4616515666732
7280528967084584078,889,Green Wing,1,93.8287410755593,11.2166808687871,80.8181118261135,3.37776988195551,72.1751237841117,10.9504144795526,73.5893193600389
4077222825126258330,697,The Dodge,4,77.3476359834844,7.14973302759321,78.4474951389972,2.59025629514661,66.2101020060061,12.0801934838155,65.4401250402199
4077222825126258330,697,Tavarc,5,87.2628635207467,7.94685106203693,59.0204327177077,1.92963408336696,52.9842226451208,7.02346537063269,68.1113461017761
4077222825126258330,697,Cavalcadian,2,70.6196738419543,9.74618394402691,69.3122296819299,2.67812596686344,93.0403026693954,9.52807739358926,61.3385775647998
4077222825126258330,697,Gold Water,3,83.5462515872401,7.62164092256434,81.5671712714221,3.14526972680413,51.052478854976,8.26159847364814,70.2240284400463
4077222825126258330,697,Staff of Life,1,80.4568415691661,8.98109595700148,95.6915391825252,4.7880110041884,77.8373446316726,8.94560425435084,72.3762133703551
1872149841032353014,665,Sea Flush,5,57.8828468379445,7.85522618803183,51.3642200198102,1.48028618333965,70.750088621873,10.0151781447711,82.3128198237777
1872149841032353014,665,Lady Gold Dust,2,53.1680223612274,8.20139383090908,95.8204223071821,3.48586588561809,83.9098142263604,12.872385414844,78.3184365753798
1872149841032353014,665,Celtic Native,3,51.4892767637693,8.11545616258898,70.3117610530946,1.87206914943334,62.2733079060232,11.4027834234013,71.4460625630386
1872149841032353014,665,Climate Debate,1,73.296381517883,9.66066265805099,94.0925357788471,3.83702041929496,77.2737954503115,12.9126781718127,96.7684415545977
1872149841032353014,665,Paperweight,4,86.849642229259,7.66457998546751,70.6073712061969,1.78127440488845,69.3149149463061,10.4206911683299,74.396623572618
2191510469169842103,981,Edmond Blanc,1,71.184287305912,13.2786752969743,99.1866294824688,7.84786766303446,91.9450554054211,13.4690188771334,78.5921632514485
2191510469169842103,981,Articled,3,73.0420248388976,17.2023793604419,70.6844932859858,3.80796772765587,51.2240118140867,7.94179322926858,86.0852240065045
2191510469169842103,981,Gold Piece,5,66.350241958602,10.0925520680396,94.0784327347111,3.90071901838387,48.4541390279551,8.5655671219681,50.7536646465558
2191510469169842103,981,Rainy Forecast,4,40.8462054159028,14.7855845918162,70.3013513274209,3.68515521519333,57.4457439325184,8.49988593888793,76.4925709147611
2191510469169842103,981,Looksmaxxing,2,90.7936676088916,18.5517379594001,82.8111044693894,5.57611300379858,88.1752519227754,13.35379255513,97.732555150448
8267544346968808300,449,Chinese Wave,3,62.896864316514,14.0914732556325,72.8827463747451,3.7581813442121,67.617476669703,10.1021367963875,85.7222171586015
8267544346968808300,449,Mirrored Hall,2,41.5372474542381,14.6864995358202,89.8199750995838,5.33536392160758,41.8944474220283,7.54107677621963,99.427690498057
8267544346968808300,449,Comic Crisis,4,78.4156030056373,16.1851915887689,55.5030026007381,3.01686656089044,64.2425842724613,10.6313837419043,72.027027847896
8267544346968808300,449,Oxford Music,5,43.3554503843274,11.4586687638036,55.7788422895009,2.04592156773166,73.4014931671216,8.79847357927684,70.882678007505
8267544346968808300,449,The Welshman,1,84.3338425854152,16.8736473899738,75.9946186443104,5.35763655845008,80.6719453687979,10.3746488264088,81.5264168328841
5854644923339542151,678,Red Nun,2,54.1182487191656,14.395755497952,67.9137387187014,3.46294095599916,81.8388932445784,11.4142941008723,65.8061262045626
5854644923339542151,678,Carriage Ride,1,90.9065364805667,11.0348198977583,86.2122024922759,5.95641805040502,98.9887294341283,15.375460372307,51.8390743772317
5854644923339542151,678,Joy of the Journey,5,75.5009483964828,12.3168599949654,48.2792224138879,2.05958504603238,95.6577616482603,12.192667536865,56.6504021774875
5854644923339542151,678,Country Walk,4,88.9148792180973,11.2074381536409,46.8720375541776,2.10638069142099,96.3252701202164,10.833459757268,57.0638625768112
5854644923339542151,678,Taxus Baccata,3,43.7174034373,13.6236430747832,76.8480146630824,3.39887893552616,47.2872338657903,8.16077862599821,97.4777200266666
4202896650495338301,657,Agreeable Fellow,5,58.1361051235569,13.4567744634158,41.524277853457,2.71288166567023,72.5167339640801,11.3381723840527,66.3638934644571
4202896650495338301,657,Black Friday,3,75.1621881899271,17.9779651010414,67.1024103958574,3.76768423982688,58.5083879637841,9.11454677743144,98.8147268721696
4202896650495338301,657,Go-Go,2,70.3668183265962,15.5117690788997,84.4083828257604,8.11469480756635,42.0552703538113,6.2844232540277,58.8182858578885
4202896650495338301,657,Arrant,4,46.7982181575796,14.7655941603739,52.7973079586381,3.21580427573897,84.9632619700013,12.891167234129,53.4796585275255
4202896650495338301,657,Sweet Music,1,95.2155466867974,17.9070387433658,99.7787084552992,10.3788701748511,71.8304478024622,11.0970412550975,50.3754032578241
6539269958255265024,720,Golden Number,5,41.804622550249,12.9706494798014,49.7564326843448,2.28984924807961,74.9115422825894,12.0088250651906,86.6724870612322
6539269958255265024,720,Arbuthnot,4,84.6972913494163,12.8611470717235,40.3322622210762,2.30823129112353,74.2620824254602,11.8829486722618,67.7337554866726
6539269958255265024,720,Bridge Creek,1,98.7390577505942,16.2587723200967,92.2408452511211,6.59558328717182,55.7075395749211,8.23832636353961,79.7612805203524
6539269958255265024,720,Millions,2,95.7609645394037,19.5079331154886,43.0543432504887,3.05576567030441,68.3206548093355,9.76449640495225,91.4976482626663
6539269958255265024,720,Court Record,3,78.5280022008161,16.8082487511439,46.1392660888592,2.69056470403349,49.295880021517,8.4695650527992,87.1706603714233
6279667800473239290,484,Aquitaine,4,56.3246428783957,12.3371266910705,76.0840112942282,3.36854148262026,82.1651064672865,10.8761138425372,79.4374372829257
6279667800473239290,484,Dream Me A Grey,5,85.5595776734949,15.5257414284042,54.7265339654081,3.08489725012563,81.3860584051648,11.9044898237212,85.5897849157155
6279667800473239290,484,Life's a Breeze,3,82.291048163287,17.3296002653825,76.056014666153,4.23700469550893,65.4731870616714,10.1696240085111,98.825027738772
6279667800473239290,484,Rurik,2,92.9994439600246,18.044385892329,82.6124517452855,6.14774354507772,64.606371588397,7.68545724117645,73.7501960637364
6279667800473239290,484,Calming Dandy,1,78.3175594274415,15.6250302494228,93.8040797072931,7.12485056359332,61.5867777483179,9.73417826749251,79.6552645482614
782110895995145814,657,Curler,1,72.9734639577515,14.6246842912393,95.984746450673,7.65624647357413,80.3342395976706,12.5813317506414,81.4648345929123
782110895995145814,657,The Mistress,4,89.0896600374147,13.2835335692574,70.2749868243426,3.21608716235693,81.8445733194145,12.731139770496,73.0727290217023
782110895995145814,657,O'Sullevan,2,84.4659948258103,19.0900383419763,68.9079409994609,4.15109595582886,69.9284864418468,8.7648448313729,79.6522925582673
782110895995145814,657,Lenticular,3,73.5404649260617,17.6853748868589,60.1342947785854,3.42347040040666,60.64734936311,8.73283769161613,90.8801172781275
782110895995145814,657,Triggers,5,73.4604238295793,15.0517050162331,57.5936929046791,2.66314819235411,78.2019065105259,11.0768925131979,86.3935168958562
1788395437149087371,793,Martial Rule,5,74.7108555765175,15.812643899436,52.8874308901766,2.81520003078173,59.8805317251971,9.01457567069219,91.3025465993914
1788395437149087371,793,Coy Coral,4,99.4160920449195,19.0518072794471,50.1637616591379,3.08574899145029,51.9603493273617,9.03243668937864,94.764950081319
1788395437149087371,793,Emerald Blue,2,72.9096387510906,15.9289998472728,67.3426581469235,4.718056266719,94.838231647644,10.8544438014103,64.7122361283105
1788395437149087371,793,Kissing Gate,1,87.3098888874617,18.9802987244217,82.0916762809479,7.76236801788681,57.3810384639404,9.18829249019958,72.5021341467213
1788395437149087371,793,On The Stretch,3,59.4242078553827,14.768075847252,61.0003163152493,3.81252588145336,58.8193017350106,7.43999117428621,73.3320942129648
310616589378603058,908,Imperial Spirit,4,72.7583217859601,13.1448139870737,45.0707368831472,2.52662940479166,63.490705490282,5.59866020317939,59.2189405549151
310616589378603058,908,Silver Dollar,2,85.9639861179884,16.7370354286285,76.4981224848086,4.54950325659652,97.2147941303022,13.1630730241983,63.1614023309438
310616589378603058,908,Boarding School,5,41.6476713964063,9.97246665562788,40.378129680726,1.57971447606846,68.3777234102296,7.95405528605247,68.1322348951105
310616589378603058,908,Under the Rose,1,84.7909812031712,17.5774876770076,85.3064668987267,6.82848945275789,83.4756201584334,13.2020159139328,86.0400366145474
310616589378603058,908,Princess of Dreams,3,91.4701078809711,17.8240186112523,56.6878216543386,3.42722618442104,88.2209541567329,11.4879458543729,70.0424219077172
7226781562129898231,865,Scholarly Love,5,67.936746563013,11.3675163022282,43.1164228987729,1.71437461063505,56.4773186263885,9.40161979934492,96.2097682041367
7226781562129898231,865,White December,2,88.7007514794338,13.8917275519947,42.5620214611761,3.94946086166788,43.6956452926956,7.7005745607354,58.059610138563
7226781562129898231,865,Modest Lee,3,74.7906297752063,8.95762902799851,75.9264387418551,2.38753840048722,43.9024930393429,7.56661338963732,66.1612440707878
7226781562129898231,865,Spirit Guide,4,65.2921566560322,10.8260099743767,54.0893376260484,2.17222409017237,40.7890203506586,6.8024477419332,81.3606178058708
7226781562129898231,865,Woodland Vale,1,73.5017860709333,11.1188337754413,88.2176811057138,4.03526986013542,96.3244387890266,14.459795480467,94.7370920851287
1743728019526298090,770,Please Please Me,2,91.4727322107532,12.0210006073542,88.8091975834028,6.29576785659653,94.344984900024,10.0136695906553,68.775814366347
1743728019526298090,770,Fox-Forster,4,67.251527033816,10.6745785618468,76.7116754808856,3.68056408556118,85.5254907781647,9.68363499291773,73.8633027033411
1743728019526298090,770,Great Patron,1,85.1202820457769,13.6718529942945,90.258562545348,7.70051315170884,88.0292416320393,10.7029324601615,63.9273659569757
1743728019526298090,770,The Lesser islands,5,50.8169714213443,9.05683195080027,72.5322835378797,2.08506781326108,57.5860548644209,9.90518164776618,90.5602881895767
1743728019526298090,770,Long Range Shell,3,58.0304890405667,10.8946161152833,92.7207534183482,5.94938092953939,76.3292175777311,10.7047474832029,65.1855165862268
3289965002200169249,618,Meltdown,3,63.6768365229341,10.5448103674045,84.3352646724452,3.21686885091244,60.501496123216,9.97558666243956,90.278656344841
3289965002200169249,618,Adolphos,4,69.7977087911327,11.2274305731994,72.636230580572,2.68614794962889,53.0371399244628,8.42801313125088,93.10420209251
3289965002200169249,618,Drinking Buddy,5,48.0347550669801,10.0887186309281,58.5147143638003,1.93297240987876,54.7096237493792,9.06503341204152,97.7399710603259
3289965002200169249,618,Pipt,2,85.5854247826622,13.2034777501403,70.4212921766437,3.09726724432159,65.2634931637329,10.3790183266969,99.0463154591212
3289965002200169249,618,Arya,1,69.0650279734937,11.5627211902466,92.5928409285157,4.75270997346684,54.5304308480416,9.28885137169741,84.4954491903294
2801883447697443155,991,Letterpress,3,92.3644476422997,8.64185790413143,95.0677918334764,4.63899488301243,61.2446856239729,5.45426519080747,50.4123604157804
2801883447697443155,991,Sessional,2,82.6368883401217,10.4815750167797,92.7173864164358,4.05780618253171,64.0864078945193,9.73745991603229,69.173590815354
2801883447697443155,991,Indelicate,4,57.4891044028445,8.45383600525154,88.7149365195775,3.13511069764217,57.0393324874252,7.49238253894733,56.4837917866219
2801883447697443155,991,Babbage,5,44.86827002933,8.43897192395518,71.3965316227834,2.93885939516051,58.4905584265963,7.7333462702357,61.8042657796046
2801883447697443155,991,Lark Sky,1,94.2453710252227,15.0740862102248,69.3889944589549,3.91609081636013,46.7093360671821,8.06692897910533,86.9183009550019
6023766392085118524,746,Corpus Luteum,2,90.5970668870105,11.4246956428887,45.2612448762802,3.67256440423927,58.4602770564349,4.94899088244982,52.428038627583
6023766392085118524,746,Harold the Herald,3,47.8429804678445,9.32196938725811,86.2271341512927,2.86298849638487,85.5688061555831,12.0069050782222,94.7752352994912
6023766392085118524,746,Mysterious Crystal,1,95.3896890797004,13.74136927939,63.778935172665,3.26212636934594,73.9895283280013,7.2062648936806,62.3608321729895
6023766392085118524,746,Universe of Coffee,5,53.5839845567527,9.97970624857957,59.0480204377206,1.83993404258226,41.3278427668898,6.66125898060236,92.4791898455894
6023766392085118524,746,Snuff Box,4,92.7019294328811,10.414429025084,64.5690330342667,3.03819119164503,55.9368083804752,6.70854017099594,75.6533806773273
1543358939710233420,877,Watch Committee,4,89.1133382009463,9.99411159889288,81.5409005401287,2.8302526715461,57.938797406132,7.11683185865851,65.5782082553199
1543358939710233420,877,Green Agenda,2,60.1369066277607,9.22599570771816,85.0092625046893,3.3489034532151,68.4210872493929,8.51000314170466,80.0678308113523
1543358939710233420,877,Sovereign Escort,5,54.7571099208554,10.1435883183271,58.7072491740592,2.08085982526713,53.4691832759531,6.11955121544005,64.9651562779542
1543358939710233420,877,Cooling Fin,3,73.5061445575337,12.5348937743492,67.2964691546112,2.8513274341158,71.5264852656775,10.8480741222573,92.8402024789082
1543358939710233420,877,Director's Cut,1,96.9868077484246,12.7444302061691,79.2228841191443,5.25992723862171,76.0096679509462,9.25163927430071,70.7793403929998
3728671961515251766,979,Imperial Lexicon,5,87.5133248380438,11.8548219775028,55.7214267067653,2.32449010036189,62.8737834318991,10.1112581095269,76.6915540902589
3728671961515251766,979,Mattadoring,1,95.9563002391087,14.6751339568916,93.9551669986616,5.74463316953848,77.9256104020648,12.6541305350245,99.7428962702532
3728671961515251766,979,Offa's Walk,4,78.5921182453469,13.1454508014825,57.0850626672657,2.54121741299517,74.0926550631967,11.7295824640498,93.0561130333887
3728671961515251766,979,Miss Jubilee,2,88.9317368214996,14.2612415503316,66.9588489037623,2.94304749933599,78.5116181444798,10.1636652982969,87.3624862078848
3728671961515251766,979,Don Dee,3,78.6113068766299,13.0912340046227,54.6928093480479,2.75706674608535,87.1395943889997,9.8005448308112,68.2281339857549
7166813448434356861,685,Romany Fellowship,1,69.2903782958699,10.1030420589414,98.3942947955323,5.6172615303508,61.8949665199733,8.74332400816604,88.4785806103236
7166813448434356861,685,The Proposing Tree,5,85.4095055515906,12.3046436853745,55.0016673085665,2.48338456173979,96.3713277900793,14.8884775217794,70.7124762725224
7166813448434356861,685,Romantic Heart,2,87.7025546103061,12.255999277728,68.4674917822101,4.4350837962537,93.1261810092377,12.9114302781788,65.5072897592706
7166813448434356861,685,Jacob,4,78.3868385910932,12.7173832527911,56.4557693393141,2.68309898897451,78.7429092490099,12.2733023721685,67.9653044311392
7166813448434356861,685,On The Brink,3,52.7222218259505,10.4022596113103,91.8400499197982,4.01769984874943,98.4183287942409,13.7332669251969,96.9216497643441
5625404784969514023,928,Youthful Elect,4,71.0210479025024,7.46533913605452,71.8214474944518,2.29919574531154,87.0205444936514,12.0602105445583,63.5311032577013
5625404784969514023,928,Pearsall,2,71.4653173402199,11.2681602401823,81.4937517700595,3.66339054718732,89.8494023709269,12.8060642785195,87.2879025785586
5625404784969514023,928,Muse at Dawn,3,84.3398873506913,10.3157265431928,77.2168507646052,3.06010028968316,82.6418163004183,10.2761898078003,74.1689571533626
5625404784969514023,928,English Squire,5,61.7621978320458,10.4876719506547,52.5826605333871,2.03592393420322,65.0408771013443,8.93748487860649,61.4983346055535
5625404784969514023,928,Ramify,1,68.5564121983766,10.3782626636168,93.5371671315855,4.99760573286103,97.9396752989709,11.3016271750279,64.3526092341281
3369726002339699604,567,Jowett Javelin,5,46.7148401501049,8.01475940428347,65.8965254964225,1.62626968876405,53.2778113157648,7.02472595748786,74.3468502845398
3369726002339699604,567,Westaway Bill,2,82.5659560260264,12.5497099311839,48.8210909280035,4.02902346514962,74.9197741612215,8.42574128683253,55.6403683462432
3369726002339699604,567,Alberta Bertie,3,63.4262227167885,11.7910274929975,66.9559180667842,2.95724718797674,99.5668208959294,8.0659924140952,58.116455572982
3369726002339699604,567,Behind the Mask,1,69.2587686000993,12.4014235163501,96.3448012543776,7.16545941960288,90.4586825885172,10.3366772256093,52.0879649423947
3369726002339699604,567,Eight Times Eight,4,82.0489085539614,8.67105193822819,53.6658190008394,3.06729415248174,47.593594002078,8.22481951635084,54.139904507609
1530154472660852886,675,Long Pass,3,59.0047843894546,7.58572970659804,85.473904149636,3.54544772043,60.5656481750431,7.88819164300801,70.5369337409754
1530154472660852886,675,Brabourne Yew,1,41.0698308752499,7.87812004471059,92.4764900016176,3.86075359300462,75.0420481016836,6.69545151248763,50.9444682872681
1530154472660852886,675,Queen's Player,5,58.6557772864027,6.94405806778224,80.9876641688327,2.39727046623314,56.2250850539092,9.16283015793062,63.857205528368
1530154472660852886,675,Pop of Corks,2,72.7343864830077,9.90440788421946,73.7462976616721,3.76040024474244,49.6402702758635,5.67217082463233,67.8084356685956
1530154472660852886,675,Silver Box Jewel,4,54.6448687350104,10.583066446535,52.7527143311384,2.23299966058549,45.8516352632851,7.56457471882673,80.1638286007362
6725023600956364695,583,Senior Silk,1,96.3107391202658,13.5378889007209,92.6622008144727,5.07099032883622,56.1067369818829,8.83050638530073,89.5621320750629
6725023600956364695,583,Joseph,4,75.5939292610434,12.2596187631963,41.2195627865452,1.76469767727867,68.266621356525,9.23514945995426,66.018902036178
6725023600956364695,583,Markmore,2,83.8456675426509,12.8730693012713,67.9976406887261,3.15201035340284,45.9886275699003,6.64958632286964,87.1434596558273
6725023600956364695,583,Slithering,5,57.548280801512,10.2643534606378,47.623888135486,1.66246301390283,57.4765001077308,9.59292337757597,87.9157134607254
6725023600956364695,583,Atlantic Clipper,3,58.399955753508,10.4256244380209,83.4148167989335,3.12940520534699,60.8261197448611,9.51362556215726,89.633585031436
483645946378132769,821,Worshipful,2,49.9578936076642,8.77645902426173,85.5385654302849,3.41005099444469,88.7393849177872,11.7655232803867,83.2248256885304
483645946378132769,821,Fiddler's Money,5,54.9282739154059,8.26265197367859,54.6064552887365,1.60780125044513,72.8508616837308,10.4000398984178,72.1907190008593
483645946378132769,821,Stephen's Myth,1,51.5696964332984,9.13770883053523,88.4638284667022,4.51683175444145,40.7580917279571,6.10626833485198,63.0091566894791
483645946378132769,821,Stiff Six,4,55.6149267188128,9.79459205059678,62.3362955011416,1.94886620530228,65.1555248245682,9.72608560057108,86.3023117470505
483645946378132769,821,Snowdonia,3,51.3374753594272,9.56646479242063,58.0799170607229,1.84389518584665,85.0613741751901,13.0494291221795,96.4596824234489
5747227179243853328,559,Harold Hardrada,5,58.0784725674475,9.99465227910953,61.4576969036829,1.91863070021114,87.4147580757399,10.5360453446153,71.5044395994761
5747227179243853328,559,Kiown,3,84.5915224215598,13.0265146077626,68.613428525793,2.9084122520029,59.0019308357739,6.96158791987125,62.7466231772288
5747227179243853328,559,Ollerenshaw,1,57.1269628814648,7.80472951968635,98.4977819604968,5.00257649261259,88.8890437518302,12.479131021184,63.6252320486273
5747227179243853328,559,Miss Isle,4,75.7131861441338,10.8307005539096,72.6747008027954,2.79940347768379,84.13214666102,9.80224843148696,68.1586392839669
5747227179243853328,559,Queen X,2,58.7225767527859,11.0407216299354,91.0146830101215,4.28387824817756,57.7755628327533,9.56529598430137,99.0259188496446
339867604860652458,598,Franklyn Star,4,50.6518384985148,9.79879216354212,61.0332167671648,1.96435295713912,61.5274648335093,10.1750912039949,95.1166521629545
339867604860652458,598,Testudo,1,68.7498518963493,12.2791579512129,94.1614698158401,5.33275570607496,85.026230298658,12.9447926379782,80.939691373063
339867604860652458,598,Singer of Secrets,5,54.9294863799656,9.62228702746518,61.9646652605261,1.82649301794067,61.6635735468392,9.52963183486787,93.6567019470712
339867604860652458,598,Never Forever,3,90.4644035054292,14.426002445732,64.5481965226434,3.2257000683719,53.2868769024689,6.94196819014896,77.8869579944133
339867604860652458,598,Blickling,2,97.8512929996857,15.3805520025871,71.7174932880217,4.01532331447523,56.2398521712454,7.85570602330544,82.0274188308219
3895931734132578623,421,Tidal Rise,3,76.0875640574337,13.023766841527,60.4970549971959,3.28114696313756,43.7727886592955,4.46217309334032,53.2351350997921
3895931734132578623,421,French Ambassador,2,68.4103574984607,12.4910587977777,70.3630534563595,3.17793790323271,89.4334233270417,10.638203798743,74.7509106008674
3895931734132578623,421,Tonal,1,81.3600556608151,14.3589874255449,98.4564038619983,8.36733058705783,95.7342583377617,14.8675083455264,74.3027962332567
3895931734132578623,421,Billycock,4,72.7997295743585,15.8423253005894,48.8440110273574,2.66907894512298,63.155605340004,10.2656093642375,96.8899184939618
3895931734132578623,421,Cooling,5,61.7969162016787,9.13947015013878,52.3573140869985,2.21281633629352,81.6220827566488,10.2113813286006,54.6395836773885
1840098419614451703,743,Second Planting,2,86.6815865066962,18.3155376319084,79.1112913222351,5.22617311222026,46.3408440715506,5.75756508754708,69.1063003926491
1840098419614451703,743,Sottsong,4,49.3407117900478,8.67149159733794,84.9294279117978,3.29817594245032,90.9868972123739,11.4500325325689,57.3890028054111
1840098419614451703,743,The Home Affair,5,63.4787625176021,13.5228254710853,42.1666735175674,2.20432630013323,45.6389099074058,7.53608526554991,96.7420914494779
1840098419614451703,743,My Universe,3,78.3132345671163,16.969929364614,58.0126105356145,3.1959421555401,66.4067473377425,9.27864594184318,63.9625105665477
1840098419614451703,743,Master Designer,1,71.5159097295335,14.544016918836,99.9013041530682,9.50549929345206,46.2374223900197,8.30290249079122,74.3085088809145
4773382626850469013,577,Distant Joy,2,92.1425674084693,15.5336550613995,78.5647098941514,5.11943919537632,85.149375966048,10.27338025274,83.4898275992086
4773382626850469013,577,Yasmin,4,41.7141733312076,10.5929340721246,69.0153590727584,2.6108328192243,61.832235530242,10.3908918266139,91.3130470203281
4773382626850469013,577,Buttonhole,5,59.3354441104568,12.1640692863395,55.8692285211912,2.33314726797858,70.1547464405285,10.9552114803578,85.9832891051315
4773382626850469013,577,Action Lady,3,98.2940766845722,18.7005547949566,49.6950904602935,3.54461449237741,96.743908362482,14.5532492518954,91.6188867366798
4773382626850469013,577,Daylight Princess,1,77.2174772034814,15.7160161489487,99.1227613933892,9.76299380165976,48.1396184704174,4.69036318065612,53.7913767867128
1980471102160604377,480,Dark Fairytale,5,52.8299224035402,10.9468123778689,76.2420935705181,3.06380240240575,49.3825780174714,6.62863138520102,64.7196826575028
1980471102160604377,480,Youth and Beauty,2,43.4608042035285,10.8241377506575,85.7068317872058,3.69928652983809,42.5061360392905,7.37471194972189,94.4967257099763
1980471102160604377,480,Summer Dawn,3,67.859946989191,13.7576775098432,43.7675648483995,2.84090001863832,92.6231219055474,11.9485907788693,56.8280101454119
1980471102160604377,480,Civil Uproar,4,62.8048463558547,14.5448736900245,58.0324389133552,2.81307876232573,87.7920022565427,13.6810691056924,91.636816512391
1980471102160604377,480,Upholder,1,74.7942808112343,15.8201622386233,70.9070369617939,4.19713443190975,84.1701920648716,12.6096222439191,91.5753219171438
2551916962836947294,613,Right to Charge,4,78.7458825627986,15.6897682267956,50.3179216123293,2.70113878467407,97.4937253405725,13.6422344697927,91.9408222392522
2551916962836947294,613,Dreamy Chef,2,85.0565122497029,16.8754775778237,46.7279676210853,3.43773221459906,93.4972643206009,8.52239389029206,61.1577865938497
2551916962836947294,613,Dartford,1,83.697023791197,14.3994885408991,82.2679278300542,5.21598319965513,75.3002525472768,12.0303231319616,50.0751907898608
2551916962836947294,613,Parish Papers,3,44.5973557169475,8.17267178908421,94.0744047921884,4.16189737384897,91.7797114286996,9.16676888877861,64.5608410606401
2551916962836947294,613,Inkerman Road,5,55.0591115835296,8.00413454075752,61.3644198651262,2.47130538145892,52.8841425860856,5.53920888103567,54.5332060857139
9157862802529673352,789,Equine Archive,1,80.174193533528,17.1609703324865,88.4671841927553,6.16521273994446,71.1732719630785,9.33474461167418,64.0217900744464
9157862802529673352,789,Halter-Broken,3,62.9917023475588,15.0632909475511,62.735688488919,4.74315327709147,73.9840700287063,11.2682479176725,63.8022441920968
9157862802529673352,789,Wisdom of Truth,5,93.1161916893105,13.4292247246506,53.5699576976031,2.70947256439079,72.5468055010725,11.9094622578549,61.64535928529
9157862802529673352,789,Last and Fast,4,86.4677300247776,14.6273639698258,70.710238950094,4.0046645154393,52.5811806401393,8.93514998149067,78.4987720478427
9157862802529673352,789,Miss Blue,2,94.7674836647493,19.6962453244135,65.2219401029788,5.69794404175238,99.1686227285118,12.5207403519693,75.7943286091331
4123093963997385278,426,Rough Trick,3,85.7453072228825,15.768616047797,73.019385599293,6.6496281447483,74.0954215464631,10.5339749901411,61.5321059011513
4123093963997385278,426,Basil the Bold,1,98.5937330008506,20.3590441174424,96.1310683720228,8.71370391011077,97.5686042424795,15.4030110752277,98.0905573804417
4123093963997385278,426,Prairie Piper,4,60.6902307055887,14.3082515268664,80.5570362792047,3.95330058556084,51.2267534757846,8.36693170422023,99.8144060438877
4123093963997385278,426,Tarantius,5,59.9350629525769,9.69537531370083,84.3896636862482,3.5068926313655,87.4457194411066,10.4650807362027,65.0541854742436
4123093963997385278,426,Carnival Fever,2,69.1883916715681,16.1118592594447,85.1226677788505,7.946589056493,98.7129211781465,13.5696888283803,66.1783284007412
8875405334486664328,578,Active Service,1,85.5994489935775,17.1573064042556,75.5576640498555,6.13263996411149,64.1249249572836,7.66576383512751,68.8163893343663
8875405334486664328,578,Flintheart,2,99.8111626954759,15.1196552618187,91.5909829742752,5.80041084697258,50.3710320467389,6.27128063042582,76.3322744475947
8875405334486664328,578,Startling Blaze,5,50.1356288295161,12.6635820858297,65.4192253107164,3.13331295747514,83.9700214150046,9.78103518268959,76.3853073651677
8875405334486664328,578,Wood-Hewer,4,99.7424876207404,19.3227337592712,52.1740217769104,3.45126425463638,81.7382745449784,12.9020490478227,97.6885150102792
8875405334486664328,578,Over the Willows,3,85.7243611899145,13.9166686725623,83.5063241780695,4.83926424494278,87.4536999237936,11.1218072542747,77.366672001898
8715402302442009098,506,Sun Garden,1,84.298208262906,18.2327128035576,98.882179663442,9.18127428814693,61.4287134102884,9.21649146554046,95.6349550486152
8715402302442009098,506,Lost City,2,69.8747909190203,12.7125050488944,84.7496406802436,6.42715001170759,88.2496321886569,7.15531489814376,55.6659489130701
8715402302442009098,506,Golden Autumn,3,99.8523519519796,18.4397771314873,65.4249514175264,4.95715208226965,94.1651138716639,14.2727672878699,77.0979335146287
8715402302442009098,506,Beveridge,4,44.2778727560256,8.36952748027688,55.7751263496401,2.78601512765724,79.183699003607,10.7016028026228,54.9808804798973
8715402302442009098,506,Prometheus,5,49.3724592289416,12.8892226502569,48.7212156051768,2.37133359567622,82.3774628190116,10.6623938146312,80.06071574524
4968298183052516123,664,Joy Maiden,1,87.9760020864674,18.9459180278418,92.6157335891325,8.16331287740789,83.5755022354964,13.2365549604894,84.0003216060496
4968298183052516123,664,Questionnaire,3,92.0556556209547,9.62055466450037,64.3007722370969,3.32892011761524,90.0860802818786,13.2465082428409,51.0575935145268
4968298183052516123,664,Heralds College,5,83.0402366560908,15.1560736804598,41.036258592003,2.61609852285598,53.1654275378279,7.6304919636593,59.7690909626871
4968298183052516123,664,Innocent Victor,2,61.737583498734,11.5040933025373,75.8268054166838,3.39310313816175,51.2652651554376,7.21206218475984,79.3144940333401
4968298183052516123,664,The Islandman,4,86.9411061398017,16.5813944486632,44.8198556221648,2.74664833886246,92.3295767711419,12.0311884907455,87.3262207795687
3289630607620390507,701,Stroke The Sun,5,51.9051288182266,11.5660947678866,64.3170411519191,2.37897767723498,79.5789311383378,11.1759109026707,91.8606519618836
3289630607620390507,701,Serious Currency,1,93.7584671367146,19.633713954624,59.0862600476727,3.95487256319453,48.7641106881981,8.46859076530374,96.4905571795613
3289630607620390507,701,The Last Word,3,59.214034644648,11.2379993052654,91.230278128877,4.78382879694459,43.439438216743,6.62702425156316,84.1177364739739
3289630607620390507,701,The Lord's Mill,4,57.2136558132015,13.7128082355056,44.843943041645,2.36408468914347,72.2540239213803,8.5933466992771,79.3122494485695
3289630607620390507,701,Glow Queen,2,50.7782190811392,12.2208634369823,92.3888658119766,4.51891664874098,54.1089700762123,8.44491009272758,93.2696560368859
4960710677810367531,958,Mayhem,5,42.5193051153982,10.6545210484324,58.6629833832444,2.2474857331569,49.2070499047711,7.38447812789728,82.9862378544791
4960710677810367531,958,Aid and Abet,2,58.5627083112562,13.5651451646993,60.8825525133675,2.82249650813673,67.4002771434677,10.2251064216276,91.1447969242394
4960710677810367531,958,Before the Moon,1,72.9414523962009,16.0532128946173,70.5669955053734,4.00428143728949,81.4487698853767,12.6119633887879,96.5256494409653
4960710677810367531,958,Caveat Emptor,4,50.0900007552733,12.0398436445219,53.2994266275659,2.2194911233079,49.1891243212294,7.76267666043563,74.6792882459366
4960710677810367531,958,Bless the Sun,3,60.7733130046574,14.4387066827933,50.8856588000839,2.65633020014738,77.7274129421737,12.1302730239448,90.2419401625374
251258272103034424,706,Battle of Dunbar,1,84.3532088216485,18.4997326661066,77.5064203701928,9.01474227647845,80.6922333963584,11.3423006584777,50.8544653870365
251258272103034424,706,Follower,4,71.282229171588,14.6199906105027,86.2617937416219,5.2593749348454,76.3185342988762,11.3179339233363,89.8286593800205
251258272103034424,706,One-Sixty,3,99.5197179335087,18.6554594906671,84.1042962795361,5.66855119570113,96.0971057183123,14.6513592401727,94.674371759167
251258272103034424,706,Plan for Justice,5,97.706574506511,13.9303363423359,88.4855496217228,4.92134208233819,51.9605562596708,5.9898863911377,71.5911364450941
251258272103034424,706,French Kid,2,74.7736369910551,15.884075957357,92.6489380119967,6.57460733228581,82.5743739026395,11.6433582908959,73.658294674213
5996198424931281108,468,Saxon Lady,5,76.9458495489115,13.9342985761215,88.3038908741835,5.01518517341502,65.6014030099238,9.00212518227057,86.8800148204894
5996198424931281108,468,Otis,2,90.6815396207367,16.695474435753,80.5203054336544,5.17632465564102,96.2738984358816,15.2387019673027,76.7787146252934
5996198424931281108,468,Pedlar of Swaffham,1,99.5650730813163,17.0284936763478,99.8405784364442,8.19770401683013,66.700989634458,9.21816564169326,80.0660298761832
5996198424931281108,468,Nolan Cross,3,63.8836918585991,12.4004969239426,98.7414887939285,5.77352618116951,78.6235895507272,11.6710724585214,87.9779077168418
5996198424931281108,468,Random Thursday,4,83.7726886597753,18.0348382180247,79.6287375482849,4.92366930857447,96.6671723964686,13.7130061247241,94.9784585829998
6810422019887066404,726,New York Journal,3,94.6485719078265,16.3193411664061,75.4823673633842,4.74394864763991,58.6471923390174,7.83132139493202,80.3793563065279
6810422019887066404,726,Black Swansong,5,95.2735944885884,16.9304720400688,54.7587301777047,3.47116351702225,57.09697864539,9.03463197089255,91.1778878054635
6810422019887066404,726,Light Recommended,2,68.7907593694368,13.9517496963385,84.7210235859998,5.23913252253501,82.2532811796703,12.8921478603386,80.5876229792074
6810422019887066404,726,King Admiral,4,60.4267252829004,14.2504188636679,51.3979800168374,3.3916210728529,80.8169493708902,8.34051496752555,66.4292828659559
6810422019887066404,726,Comanche Chief,1,72.5422938142103,14.788187305402,94.4649669465793,8.2033418655871,91.3381567113878,9.28308782939257,62.4984027881237
